OR_ABI-L1b-RadF-M6C08_G17_s20192061200341_e20192061209408_c20192061209446.nc
OR_ABI-L1b-RadF-M6C08_G17_s20192071200341_e20192071209407_c20192071209463.nc
OR_ABI-L1b-RadF-M6C08_G17_s20192061200341_e20192061209408_c20192061209446.nc
[61576.36]
[3791648432.1772556]
[-163772451.1088656]
[0.856249662892849]
OR_ABI-L1b-RadF-M6C08_G17_s20192071200341_e20192071209407_c20192071209463.nc
[61726.92]
[3810235724.9111314]
[-115469225.1874367]
[0.6200307274482847]
OR_ABI-L1b-RadF-M6C08_G17_s20192061200341_e20192061209408_c20192061209446.nc
[61576.36, 3.76]
[3791648432.1772556, 30.50250783030574]
[-163772451.1088656, -0.3174930619742413]
[0.856249662892849, 0.9985600801630046]
OR_ABI-L1b-RadF-M6C08_G17_s20192071200341_e20192071209407_c20192071209463.nc
[61726.92, 4.57]
[3810235724.9111314, 43.67195046505607]
[-115469225.1874367, -0.3234788318546112]
[0.6200307274482847, 0.9882884753026014]
OR_ABI-L1b-RadF-M6C08_G17_s20192061200341_e20192061209408_c20192061209446.nc
[61576.36, 3.76, 3.97]
[3791648432.1772556, 30.50250783030574, 30.965355103834494]
[-163772451.1088656, -0.3174930619742413, -0.3374847975725179]
[0.856249662892849, 0.9985600801630046, 0.9899369670950325]
OR_ABI-L1b-RadF-M6C08_G17_s20192071200341_e20192071209407_c20192071209463.nc
[61726.92, 4.57, 4.69]
[3810235724.9111314, 43.67195046505607, 43.833082182781546]
[-115469225.1874367, -0.3234788318546112, -0.3283619299365408]
[0.6200307274482847, 0.9882884753026014, 0.9854327472266831]
OR_ABI-L1b-RadF-M6C08_G17_s20192061200341_e20192061209408_c20192061209446.nc
[61576.36, 3.76, 3.97, 4.01]
[3791648432.1772556, 30.50250783030574, 30.965355103834494, 30.612276450289258]
[-163772451.1088656, -0.3174930619742413, -0.3374847975725179, -0.32223429164805495]
[0.856249662892849, 0.9985600801630046, 0.9899369670950325, 1.0042152247503442]
OR_ABI-L1b-RadF-M6C08_G17_s20192071200341_e20192071209407_c20192071209463.nc
[61726.92, 4.57, 4.69, 2284.75]
[3810235724.9111314, 43.67195046505607, 43.833082182781546, 5220147.216567545]
[-115469225.1874367, -0.3234788318546112, -0.3283619299365408, -158195.6059844276]
[0.6200307274482847, 0.9882884753026014, 0.9854327472266831, 0.9985473353764831]
